3 0.822949 0.216054 0.0179292 0.0503195 0.436014
1 0.633797 0.751597 0.0188256 0.0527157 0.457087
12 0.634245 0.734824 0.0179292 0.0367412 0.623116
7 0.615195 0.438099 0.0183774 0.0375399 0.75224
17 0.678171 0.438099 0.0179292 0.0359425 0.77711
6 0.741147 0.438498 0.0192739 0.0367412 0.779751
14 0.59368 0.738019 0.015688 0.0335463 0.798556
7 0.678395 0.438099 0.0192739 0.0375399 0.886309
17 0.614971 0.4377 0.0179292 0.0351438 0.901926
15 0.85948 0.201278 0.017481 0.0335463 0.914217
8 0.741147 0.438898 0.0183774 0.0359425 0.926662
17 0.551322 0.438898 0.0188256 0.0375399 0.939149
14 0.488794 0.438898 0.0183774 0.0375399 0.948676
4 0.511878 0.503195 0.033169 0.0591054 0.959561
15 0.822053 0.204073 0.0170327 0.034345 0.95991
4 0.489467 0.472444 0.0188256 0.034345 0.974562
1 0.575078 0.503994 0.0313761 0.0559105 0.975151
3 0.824742 0.236821 0.0170327 0.0311502 0.976302
1 0.634021 0.769569 0.0183774 0.0327476 0.97732
1 0.742268 0.472843 0.0179292 0.0319489 0.977767
4 0.85948 0.23123 0.0165845 0.0295527 0.979805
1 0.679292 0.472444 0.0183774 0.0327476 0.979893
1 0.701927 0.503594 0.0313761 0.0567093 0.981071
2 0.616091 0.472444 0.0183774 0.0327476 0.981605
1 0.552667 0.472444 0.0179292 0.0327476 0.982948
1 0.764679 0.503195 0.0313761 0.057508 0.983039
2 0.638727 0.503195 0.0313761 0.0559105 0.984774
3 0.596369 0.77516 0.0192739 0.034345 0.985567
